

Group: 0, In nFreq: 32, nQual: 7, nGain: 0, nFiltersType: 3  

Group: 0, nFreq: 32, nQual: 7, nGain: 0, nFiltersType: 3   dfa1: 0 16384 0,  dfb1: -32661 0 16277
sIIROut.Out.dfh1: 
1.0000,1.0000,1.0000,1.0000,1.0000,1.0000,
1.0000,1.0000,1.0000,1.0000,1.0000,1.0000,
1.0000,1.0000,1.0000,1.0000,1.0000,1.0000,
1.0000,1.0000,1.0000,1.0000,1.0000,1.0000,
1.0000,1.0000,1.0000,1.0000,1.0000,1.0000,
1.0000,1.0000,1.0000,1.0000,1.0000,1.0000,
1.0000,1.0000,1.0000,1.0000,1.0000,1.0000,
1.0000,1.0000,1.0000,1.0000,1.0000,1.0000,
1.0000,1.0000,1.0000,1.0000,1.0000,1.0000,
1.0000,1.0000,1.0000,1.0000,1.0000,1.0000,
1.0000,1.0000,1.0000,1.0000,1.0000,1.0000,
1.0000,1.0000,1.0000,1.0000,1.0000,1.0000,
1.0000,1.0000,1.0000,1.0000,1.0000,1.0000,
1.0000,1.0000,1.0000,1.0000,1.0000,1.0000,
1.0000,1.0000,1.0000,1.0000,1.0000,1.0000,
1.0000,1.0000,1.0000,1.0000,1.0000,

sIIROut.dfh: 
1.9965,1.9326,1.8756,1.8252,1.7739,1.7296,
1.6863,1.6411,1.6038,1.5728,1.5468,1.5247,
1.5059,1.4867,1.4706,1.4569,1.4433,1.4311,
1.4209,1.4095,1.4024,1.3944,1.3876,1.3820,
1.3761,1.3712,1.3671,1.3637,1.3607,1.3577,
1.3552,1.3524,1.3506,1.3486,1.3470,1.3456,
1.3441,1.3429,1.3419,1.3410,1.3403,1.3395,
1.3389,1.3384,1.3378,1.3374,1.3370,1.3365,
1.3361,1.3358,1.3356,1.3354,1.3352,1.3350,
1.3348,1.3347,1.3346,1.3344,1.3343,1.3342,
1.3341,1.3340,1.3339,1.3338,1.3337,1.3336,
1.3335,1.3333,1.3332,1.3330,1.3328,1.3325,
1.3321,1.3316,1.3310,1.3300,1.3290,1.3273,
1.3251,1.3222,1.3173,1.3104,1.3009,1.2876,
1.2690,1.2369,1.1895,1.0920,0.9855,0.7959,
0.5703,0.3492,0.1357,0.0205,0.0000,

Group: 1, In nFreq: 64, nQual: 7, nGain: 5, nFiltersType: 3  

Group: 1, nFreq: 64, nQual: 7, nGain: 5, nFiltersType: 3   dfa1: 1 16445 1,  dfb1: -32607 1 16162
sIIROut.Out.dfh1: 
1.9965,1.9326,1.8756,1.8252,1.7739,1.7296,
1.6863,1.6411,1.6038,1.5728,1.5468,1.5247,
1.5059,1.4867,1.4706,1.4569,1.4433,1.4311,
1.4209,1.4095,1.4024,1.3944,1.3876,1.3820,
1.3761,1.3712,1.3671,1.3637,1.3607,1.3577,
1.3552,1.3524,1.3506,1.3486,1.3470,1.3456,
1.3441,1.3429,1.3419,1.3410,1.3403,1.3395,
1.3389,1.3384,1.3378,1.3374,1.3370,1.3365,
1.3361,1.3358,1.3356,1.3354,1.3352,1.3350,
1.3348,1.3347,1.3346,1.3345,1.3344,1.3343,
1.3342,1.3341,1.3340,1.3340,1.3339,1.3339,
1.3338,1.3338,1.3338,1.3337,1.3337,1.3337,
1.3337,1.3337,1.3336,1.3336,1.3336,1.3336,
1.3336,1.3336,1.3336,1.3336,1.3336,1.3335,
1.3335,1.3335,1.3335,1.3335,1.3335,1.3335,
1.3335,1.3335,1.3335,1.3335,1.3335,

sIIROut.dfh: 
1.9965,1.9326,1.8756,1.8252,1.7739,1.7296,
1.6863,1.6411,1.6038,1.5728,1.5468,1.5247,
1.5059,1.4867,1.4706,1.4569,1.4433,1.4311,
1.4209,1.4095,1.4024,1.3944,1.3876,1.3820,
1.3761,1.3712,1.3671,1.3637,1.3607,1.3577,
1.3552,1.3524,1.3506,1.3486,1.3470,1.3456,
1.3441,1.3429,1.3419,1.3410,1.3403,1.3395,
1.3389,1.3384,1.3378,1.3374,1.3370,1.3365,
1.3361,1.3358,1.3356,1.3354,1.3352,1.3350,
1.3348,1.3347,1.3346,1.3344,1.3343,1.3342,
1.3341,1.3340,1.3339,1.3338,1.3337,1.3336,
1.3335,1.3333,1.3332,1.3330,1.3328,1.3325,
1.3321,1.3316,1.3310,1.3300,1.3290,1.3273,
1.3251,1.3222,1.3173,1.3104,1.3009,1.2876,
1.2690,1.2369,1.1895,1.0920,0.9855,0.7959,
0.5703,0.3492,0.1357,0.0205,0.0000,

Group: 2, In nFreq: 125, nQual: 7, nGain: 0, nFiltersType: 0  

Group: 2, nFreq: 125, nQual: 7, nGain: 0, nFiltersType: 0   dfa1: 2 16384 2,  dfb1: 0 2 0
sIIROut.Out.dfh1: 
1.0000,1.0000,1.0000,1.0000,1.0000,1.0000,
1.0000,1.0000,1.0000,1.0000,1.0000,1.0000,
1.0000,1.0000,1.0000,1.0000,1.0000,1.0000,
1.0000,1.0000,1.0000,1.0000,1.0000,1.0000,
1.0000,1.0000,1.0000,1.0000,1.0000,1.0000,
1.0000,1.0000,1.0000,1.0000,1.0000,1.0000,
1.0000,1.0000,1.0000,1.0000,1.0000,1.0000,
1.0000,1.0000,1.0000,1.0000,1.0000,1.0000,
1.0000,1.0000,1.0000,1.0000,1.0000,1.0000,
1.0000,1.0000,1.0000,1.0000,1.0000,1.0000,
1.0000,1.0000,1.0000,1.0000,1.0000,1.0000,
1.0000,1.0000,1.0000,1.0000,1.0000,1.0000,
1.0000,1.0000,1.0000,1.0000,1.0000,1.0000,
1.0000,1.0000,1.0000,1.0000,1.0000,1.0000,
1.0000,1.0000,1.0000,1.0000,1.0000,1.0000,
1.0000,1.0000,1.0000,1.0000,1.0000,

sIIROut.dfh: 
1.9965,1.9326,1.8756,1.8252,1.7739,1.7296,
1.6863,1.6411,1.6038,1.5728,1.5468,1.5247,
1.5059,1.4867,1.4706,1.4569,1.4433,1.4311,
1.4209,1.4095,1.4024,1.3944,1.3876,1.3820,
1.3761,1.3712,1.3671,1.3637,1.3607,1.3577,
1.3552,1.3524,1.3506,1.3486,1.3470,1.3456,
1.3441,1.3429,1.3419,1.3410,1.3403,1.3395,
1.3389,1.3384,1.3378,1.3374,1.3370,1.3365,
1.3361,1.3358,1.3356,1.3354,1.3352,1.3350,
1.3348,1.3347,1.3346,1.3344,1.3343,1.3342,
1.3341,1.3340,1.3339,1.3338,1.3337,1.3336,
1.3335,1.3333,1.3332,1.3330,1.3328,1.3325,
1.3321,1.3316,1.3310,1.3300,1.3290,1.3273,
1.3251,1.3222,1.3173,1.3104,1.3009,1.2876,
1.2690,1.2369,1.1895,1.0920,0.9855,0.7959,
0.5703,0.3492,0.1357,0.0205,0.0000,

Group: 3, In nFreq: 250, nQual: 7, nGain: 0, nFiltersType: 0  

Group: 3, nFreq: 250, nQual: 7, nGain: 0, nFiltersType: 0   dfa1: 3 16384 3,  dfb1: 0 3 0
sIIROut.Out.dfh1: 
1.0000,1.0000,1.0000,1.0000,1.0000,1.0000,
1.0000,1.0000,1.0000,1.0000,1.0000,1.0000,
1.0000,1.0000,1.0000,1.0000,1.0000,1.0000,
1.0000,1.0000,1.0000,1.0000,1.0000,1.0000,
1.0000,1.0000,1.0000,1.0000,1.0000,1.0000,
1.0000,1.0000,1.0000,1.0000,1.0000,1.0000,
1.0000,1.0000,1.0000,1.0000,1.0000,1.0000,
1.0000,1.0000,1.0000,1.0000,1.0000,1.0000,
1.0000,1.0000,1.0000,1.0000,1.0000,1.0000,
1.0000,1.0000,1.0000,1.0000,1.0000,1.0000,
1.0000,1.0000,1.0000,1.0000,1.0000,1.0000,
1.0000,1.0000,1.0000,1.0000,1.0000,1.0000,
1.0000,1.0000,1.0000,1.0000,1.0000,1.0000,
1.0000,1.0000,1.0000,1.0000,1.0000,1.0000,
1.0000,1.0000,1.0000,1.0000,1.0000,1.0000,
1.0000,1.0000,1.0000,1.0000,1.0000,

sIIROut.dfh: 
1.9965,1.9326,1.8756,1.8252,1.7739,1.7296,
1.6863,1.6411,1.6038,1.5728,1.5468,1.5247,
1.5059,1.4867,1.4706,1.4569,1.4433,1.4311,
1.4209,1.4095,1.4024,1.3944,1.3876,1.3820,
1.3761,1.3712,1.3671,1.3637,1.3607,1.3577,
1.3552,1.3524,1.3506,1.3486,1.3470,1.3456,
1.3441,1.3429,1.3419,1.3410,1.3403,1.3395,
1.3389,1.3384,1.3378,1.3374,1.3370,1.3365,
1.3361,1.3358,1.3356,1.3354,1.3352,1.3350,
1.3348,1.3347,1.3346,1.3344,1.3343,1.3342,
1.3341,1.3340,1.3339,1.3338,1.3337,1.3336,
1.3335,1.3333,1.3332,1.3330,1.3328,1.3325,
1.3321,1.3316,1.3310,1.3300,1.3290,1.3273,
1.3251,1.3222,1.3173,1.3104,1.3009,1.2876,
1.2690,1.2369,1.1895,1.0920,0.9855,0.7959,
0.5703,0.3492,0.1357,0.0205,0.0000,

Group: 4, In nFreq: 500, nQual: 7, nGain: 0, nFiltersType: 0  

Group: 4, nFreq: 500, nQual: 7, nGain: 0, nFiltersType: 0   dfa1: 4 16384 4,  dfb1: 0 4 0
sIIROut.Out.dfh1: 
1.0000,1.0000,1.0000,1.0000,1.0000,1.0000,
1.0000,1.0000,1.0000,1.0000,1.0000,1.0000,
1.0000,1.0000,1.0000,1.0000,1.0000,1.0000,
1.0000,1.0000,1.0000,1.0000,1.0000,1.0000,
1.0000,1.0000,1.0000,1.0000,1.0000,1.0000,
1.0000,1.0000,1.0000,1.0000,1.0000,1.0000,
1.0000,1.0000,1.0000,1.0000,1.0000,1.0000,
1.0000,1.0000,1.0000,1.0000,1.0000,1.0000,
1.0000,1.0000,1.0000,1.0000,1.0000,1.0000,
1.0000,1.0000,1.0000,1.0000,1.0000,1.0000,
1.0000,1.0000,1.0000,1.0000,1.0000,1.0000,
1.0000,1.0000,1.0000,1.0000,1.0000,1.0000,
1.0000,1.0000,1.0000,1.0000,1.0000,1.0000,
1.0000,1.0000,1.0000,1.0000,1.0000,1.0000,
1.0000,1.0000,1.0000,1.0000,1.0000,1.0000,
1.0000,1.0000,1.0000,1.0000,1.0000,

sIIROut.dfh: 
1.9965,1.9326,1.8756,1.8252,1.7739,1.7296,
1.6863,1.6411,1.6038,1.5728,1.5468,1.5247,
1.5059,1.4867,1.4706,1.4569,1.4433,1.4311,
1.4209,1.4095,1.4024,1.3944,1.3876,1.3820,
1.3761,1.3712,1.3671,1.3637,1.3607,1.3577,
1.3552,1.3524,1.3506,1.3486,1.3470,1.3456,
1.3441,1.3429,1.3419,1.3410,1.3403,1.3395,
1.3389,1.3384,1.3378,1.3374,1.3370,1.3365,
1.3361,1.3358,1.3356,1.3354,1.3352,1.3350,
1.3348,1.3347,1.3346,1.3344,1.3343,1.3342,
1.3341,1.3340,1.3339,1.3338,1.3337,1.3336,
1.3335,1.3333,1.3332,1.3330,1.3328,1.3325,
1.3321,1.3316,1.3310,1.3300,1.3290,1.3273,
1.3251,1.3222,1.3173,1.3104,1.3009,1.2876,
1.2690,1.2369,1.1895,1.0920,0.9855,0.7959,
0.5703,0.3492,0.1357,0.0205,0.0000,

Group: 5, In nFreq: 1000, nQual: 7, nGain: 0, nFiltersType: 0  

Group: 5, nFreq: 1000, nQual: 7, nGain: 0, nFiltersType: 0   dfa1: 5 16384 5,  dfb1: 0 5 0
sIIROut.Out.dfh1: 
1.0000,1.0000,1.0000,1.0000,1.0000,1.0000,
1.0000,1.0000,1.0000,1.0000,1.0000,1.0000,
1.0000,1.0000,1.0000,1.0000,1.0000,1.0000,
1.0000,1.0000,1.0000,1.0000,1.0000,1.0000,
1.0000,1.0000,1.0000,1.0000,1.0000,1.0000,
1.0000,1.0000,1.0000,1.0000,1.0000,1.0000,
1.0000,1.0000,1.0000,1.0000,1.0000,1.0000,
1.0000,1.0000,1.0000,1.0000,1.0000,1.0000,
1.0000,1.0000,1.0000,1.0000,1.0000,1.0000,
1.0000,1.0000,1.0000,1.0000,1.0000,1.0000,
1.0000,1.0000,1.0000,1.0000,1.0000,1.0000,
1.0000,1.0000,1.0000,1.0000,1.0000,1.0000,
1.0000,1.0000,1.0000,1.0000,1.0000,1.0000,
1.0000,1.0000,1.0000,1.0000,1.0000,1.0000,
1.0000,1.0000,1.0000,1.0000,1.0000,1.0000,
1.0000,1.0000,1.0000,1.0000,1.0000,

sIIROut.dfh: 
1.9965,1.9326,1.8756,1.8252,1.7739,1.7296,
1.6863,1.6411,1.6038,1.5728,1.5468,1.5247,
1.5059,1.4867,1.4706,1.4569,1.4433,1.4311,
1.4209,1.4095,1.4024,1.3944,1.3876,1.3820,
1.3761,1.3712,1.3671,1.3637,1.3607,1.3577,
1.3552,1.3524,1.3506,1.3486,1.3470,1.3456,
1.3441,1.3429,1.3419,1.3410,1.3403,1.3395,
1.3389,1.3384,1.3378,1.3374,1.3370,1.3365,
1.3361,1.3358,1.3356,1.3354,1.3352,1.3350,
1.3348,1.3347,1.3346,1.3344,1.3343,1.3342,
1.3341,1.3340,1.3339,1.3338,1.3337,1.3336,
1.3335,1.3333,1.3332,1.3330,1.3328,1.3325,
1.3321,1.3316,1.3310,1.3300,1.3290,1.3273,
1.3251,1.3222,1.3173,1.3104,1.3009,1.2876,
1.2690,1.2369,1.1895,1.0920,0.9855,0.7959,
0.5703,0.3492,0.1357,0.0205,0.0000,

Group: 6, In nFreq: 2000, nQual: 7, nGain: 0, nFiltersType: 0  

Group: 6, nFreq: 2000, nQual: 7, nGain: 0, nFiltersType: 0   dfa1: 6 16384 6,  dfb1: 0 6 0
sIIROut.Out.dfh1: 
1.0000,1.0000,1.0000,1.0000,1.0000,1.0000,
1.0000,1.0000,1.0000,1.0000,1.0000,1.0000,
1.0000,1.0000,1.0000,1.0000,1.0000,1.0000,
1.0000,1.0000,1.0000,1.0000,1.0000,1.0000,
1.0000,1.0000,1.0000,1.0000,1.0000,1.0000,
1.0000,1.0000,1.0000,1.0000,1.0000,1.0000,
1.0000,1.0000,1.0000,1.0000,1.0000,1.0000,
1.0000,1.0000,1.0000,1.0000,1.0000,1.0000,
1.0000,1.0000,1.0000,1.0000,1.0000,1.0000,
1.0000,1.0000,1.0000,1.0000,1.0000,1.0000,
1.0000,1.0000,1.0000,1.0000,1.0000,1.0000,
1.0000,1.0000,1.0000,1.0000,1.0000,1.0000,
1.0000,1.0000,1.0000,1.0000,1.0000,1.0000,
1.0000,1.0000,1.0000,1.0000,1.0000,1.0000,
1.0000,1.0000,1.0000,1.0000,1.0000,1.0000,
1.0000,1.0000,1.0000,1.0000,1.0000,

sIIROut.dfh: 
1.9965,1.9326,1.8756,1.8252,1.7739,1.7296,
1.6863,1.6411,1.6038,1.5728,1.5468,1.5247,
1.5059,1.4867,1.4706,1.4569,1.4433,1.4311,
1.4209,1.4095,1.4024,1.3944,1.3876,1.3820,
1.3761,1.3712,1.3671,1.3637,1.3607,1.3577,
1.3552,1.3524,1.3506,1.3486,1.3470,1.3456,
1.3441,1.3429,1.3419,1.3410,1.3403,1.3395,
1.3389,1.3384,1.3378,1.3374,1.3370,1.3365,
1.3361,1.3358,1.3356,1.3354,1.3352,1.3350,
1.3348,1.3347,1.3346,1.3344,1.3343,1.3342,
1.3341,1.3340,1.3339,1.3338,1.3337,1.3336,
1.3335,1.3333,1.3332,1.3330,1.3328,1.3325,
1.3321,1.3316,1.3310,1.3300,1.3290,1.3273,
1.3251,1.3222,1.3173,1.3104,1.3009,1.2876,
1.2690,1.2369,1.1895,1.0920,0.9855,0.7959,
0.5703,0.3492,0.1357,0.0205,0.0000,

Group: 7, In nFreq: 4000, nQual: 7, nGain: 0, nFiltersType: 0  

Group: 7, nFreq: 4000, nQual: 7, nGain: 0, nFiltersType: 0   dfa1: 7 16384 7,  dfb1: 0 7 0
sIIROut.Out.dfh1: 
1.0000,1.0000,1.0000,1.0000,1.0000,1.0000,
1.0000,1.0000,1.0000,1.0000,1.0000,1.0000,
1.0000,1.0000,1.0000,1.0000,1.0000,1.0000,
1.0000,1.0000,1.0000,1.0000,1.0000,1.0000,
1.0000,1.0000,1.0000,1.0000,1.0000,1.0000,
1.0000,1.0000,1.0000,1.0000,1.0000,1.0000,
1.0000,1.0000,1.0000,1.0000,1.0000,1.0000,
1.0000,1.0000,1.0000,1.0000,1.0000,1.0000,
1.0000,1.0000,1.0000,1.0000,1.0000,1.0000,
1.0000,1.0000,1.0000,1.0000,1.0000,1.0000,
1.0000,1.0000,1.0000,1.0000,1.0000,1.0000,
1.0000,1.0000,1.0000,1.0000,1.0000,1.0000,
1.0000,1.0000,1.0000,1.0000,1.0000,1.0000,
1.0000,1.0000,1.0000,1.0000,1.0000,1.0000,
1.0000,1.0000,1.0000,1.0000,1.0000,1.0000,
1.0000,1.0000,1.0000,1.0000,1.0000,

sIIROut.dfh: 
1.9965,1.9326,1.8756,1.8252,1.7739,1.7296,
1.6863,1.6411,1.6038,1.5728,1.5468,1.5247,
1.5059,1.4867,1.4706,1.4569,1.4433,1.4311,
1.4209,1.4095,1.4024,1.3944,1.3876,1.3820,
1.3761,1.3712,1.3671,1.3637,1.3607,1.3577,
1.3552,1.3524,1.3506,1.3486,1.3470,1.3456,
1.3441,1.3429,1.3419,1.3410,1.3403,1.3395,
1.3389,1.3384,1.3378,1.3374,1.3370,1.3365,
1.3361,1.3358,1.3356,1.3354,1.3352,1.3350,
1.3348,1.3347,1.3346,1.3344,1.3343,1.3342,
1.3341,1.3340,1.3339,1.3338,1.3337,1.3336,
1.3335,1.3333,1.3332,1.3330,1.3328,1.3325,
1.3321,1.3316,1.3310,1.3300,1.3290,1.3273,
1.3251,1.3222,1.3173,1.3104,1.3009,1.2876,
1.2690,1.2369,1.1895,1.0920,0.9855,0.7959,
0.5703,0.3492,0.1357,0.0205,0.0000,

Group: 8, In nFreq: 8000, nQual: 7, nGain: 0, nFiltersType: 0  

Group: 8, nFreq: 8000, nQual: 7, nGain: 0, nFiltersType: 0   dfa1: 8 16384 8,  dfb1: 0 8 0
sIIROut.Out.dfh1: 
1.0000,1.0000,1.0000,1.0000,1.0000,1.0000,
1.0000,1.0000,1.0000,1.0000,1.0000,1.0000,
1.0000,1.0000,1.0000,1.0000,1.0000,1.0000,
1.0000,1.0000,1.0000,1.0000,1.0000,1.0000,
1.0000,1.0000,1.0000,1.0000,1.0000,1.0000,
1.0000,1.0000,1.0000,1.0000,1.0000,1.0000,
1.0000,1.0000,1.0000,1.0000,1.0000,1.0000,
1.0000,1.0000,1.0000,1.0000,1.0000,1.0000,
1.0000,1.0000,1.0000,1.0000,1.0000,1.0000,
1.0000,1.0000,1.0000,1.0000,1.0000,1.0000,
1.0000,1.0000,1.0000,1.0000,1.0000,1.0000,
1.0000,1.0000,1.0000,1.0000,1.0000,1.0000,
1.0000,1.0000,1.0000,1.0000,1.0000,1.0000,
1.0000,1.0000,1.0000,1.0000,1.0000,1.0000,
1.0000,1.0000,1.0000,1.0000,1.0000,1.0000,
1.0000,1.0000,1.0000,1.0000,1.0000,

sIIROut.dfh: 
1.9965,1.9326,1.8756,1.8252,1.7739,1.7296,
1.6863,1.6411,1.6038,1.5728,1.5468,1.5247,
1.5059,1.4867,1.4706,1.4569,1.4433,1.4311,
1.4209,1.4095,1.4024,1.3944,1.3876,1.3820,
1.3761,1.3712,1.3671,1.3637,1.3607,1.3577,
1.3552,1.3524,1.3506,1.3486,1.3470,1.3456,
1.3441,1.3429,1.3419,1.3410,1.3403,1.3395,
1.3389,1.3384,1.3378,1.3374,1.3370,1.3365,
1.3361,1.3358,1.3356,1.3354,1.3352,1.3350,
1.3348,1.3347,1.3346,1.3344,1.3343,1.3342,
1.3341,1.3340,1.3339,1.3338,1.3337,1.3336,
1.3335,1.3333,1.3332,1.3330,1.3328,1.3325,
1.3321,1.3316,1.3310,1.3300,1.3290,1.3273,
1.3251,1.3222,1.3173,1.3104,1.3009,1.2876,
1.2690,1.2369,1.1895,1.0920,0.9855,0.7959,
0.5703,0.3492,0.1357,0.0205,0.0000,

Group: 9, In nFreq: 16000, nQual: 7, nGain: 0, nFiltersType: 1  

Group: 9, nFreq: 16000, nQual: 7, nGain: 0, nFiltersType: 1   dfa1: 9 8800 9,  dfb1: 17600 9 8800
sIIROut.Out.dfh1: 
1.0000,1.0000,1.0000,1.0000,1.0000,1.0000,
1.0000,1.0000,1.0000,1.0000,1.0000,1.0000,
1.0000,1.0000,1.0000,1.0000,1.0000,1.0000,
1.0000,1.0000,1.0000,1.0000,1.0000,1.0000,
1.0000,1.0000,1.0000,1.0000,1.0000,1.0000,
1.0000,1.0000,1.0000,1.0000,1.0000,1.0000,
1.0000,1.0000,1.0000,1.0000,1.0000,1.0000,
1.0000,1.0000,1.0000,1.0000,1.0000,1.0000,
1.0000,1.0000,1.0000,1.0000,1.0000,1.0000,
1.0000,1.0000,1.0000,1.0000,1.0000,1.0000,
0.9999,0.9999,0.9999,0.9999,0.9998,0.9998,
0.9997,0.9997,0.9996,0.9994,0.9993,0.9991,
0.9988,0.9985,0.9980,0.9973,0.9965,0.9953,
0.9936,0.9915,0.9878,0.9827,0.9755,0.9655,
0.9516,0.9275,0.8920,0.8188,0.7390,0.5969,
0.4277,0.2619,0.1018,0.0154,0.0000,

sIIROut.dfh: 
1.9965,1.9326,1.8756,1.8252,1.7739,1.7296,
1.6863,1.6411,1.6038,1.5728,1.5468,1.5247,
1.5059,1.4867,1.4706,1.4569,1.4433,1.4311,
1.4209,1.4095,1.4024,1.3944,1.3876,1.3820,
1.3761,1.3712,1.3671,1.3637,1.3607,1.3577,
1.3552,1.3524,1.3506,1.3486,1.3470,1.3456,
1.3441,1.3429,1.3419,1.3410,1.3403,1.3395,
1.3389,1.3384,1.3378,1.3374,1.3370,1.3365,
1.3361,1.3358,1.3356,1.3354,1.3352,1.3350,
1.3348,1.3347,1.3346,1.3344,1.3343,1.3342,
1.3341,1.3340,1.3339,1.3338,1.3337,1.3336,
1.3335,1.3333,1.3332,1.3330,1.3328,1.3325,
1.3321,1.3316,1.3310,1.3300,1.3290,1.3273,
1.3251,1.3222,1.3173,1.3104,1.3009,1.2876,
1.2690,1.2369,1.1895,1.0920,0.9855,0.7959,
0.5703,0.3492,0.1357,0.0205,0.0000,